-1.133848905563354492e+00
2.787966132164001465e-01
4.872839748859405518e-01
-1.769471615552902222e-01
-2.006067037582397461e+00
1.723629951477050781e+00
4.668777585029602051e-01
-2.017789483070373535e-01
1.746334314346313477e+00
5.600313544273376465e-01
3.645097255706787109e+00
-1.315513253211975098e+00
9.885641932487487793e-01
-5.146622061729431152e-01
-2.758792161941528320e+00
-5.244056582450866699e-01
1.215011954307556152e+00
-6.621261835098266602e-01
1.511635184288024902e+00
6.731390953063964844e-01
